DIM_X:1024
DIM_Y:1024
WIDTH:1
HEIGHT:1
DT:0.0000002
TF:0.00010
U:0.0
V:0.0
SMOOTH:1
DENSITY:1
VISC:1