DIM_X:256
DIM_Y:256
WIDTH:1
HEIGHT:1
DT:0.000003815
TF:0.001953125
U:0.0001
V:0.0
SMOOTH:0
DENSITY:0.01
VISC:0.0