DIM_X:512
DIM_Y:512
WIDTH:0.001953125
HEIGHT:0.001953125
DT:0.000003815
TF:0.001953125
U:0.0001
V:0.0
SMOOTH:0
DENSITY:1.293
VISC:0.0